Input params(tol = 9.00e-06, N = 8, max_iter = 100000)
START calculation...
10.000  11.429  12.857  14.286  15.714  17.143  18.571  20.000
11.429  0.000   0.000   0.000   0.000   0.000   0.000   21.429
12.857  0.000   0.000   0.000   0.000   0.000   0.000   22.857
14.286  0.000   0.000   0.000   0.000   0.000   0.000   24.286
15.714  0.000   0.000   0.000   0.000   0.000   0.000   25.714
17.143  0.000   0.000   0.000   0.000   0.000   0.000   27.143
18.571  0.000   0.000   0.000   0.000   0.000   0.000   28.571
20.000  21.429  22.857  24.286  25.714  27.143  28.571  30.000

iter: 0
||new_T||: 7.792960 
diff (||subT||): 6.257241 


0.440   0.817   1.011   1.166   1.296   1.274   1.161   0.649
0.817   1.387   1.805   2.037   2.204   2.343   1.955   1.225
1.011   1.805   2.233   2.534   2.814   2.862   2.587   1.506
1.166   2.037   2.534   2.859   3.128   3.264   2.868   1.731
1.296   2.204   2.814   3.128   3.398   3.545   3.035   1.860
1.274   2.343   2.862   3.264   3.545   3.491   3.126   1.768
1.161   1.955   2.587   2.868   3.035   3.126   2.522   1.569
0.649   1.225   1.506   1.731   1.860   1.768   1.569   0.857

iter: 10
||new_T||: 2.076013 
diff (||subT||): 0.137361 


0.211   0.399   0.549   0.637   0.663   0.599   0.463   0.249
0.399   0.759   1.036   1.213   1.246   1.143   0.869   0.477
0.549   1.036   1.424   1.653   1.713   1.554   1.194   0.647
0.637   1.213   1.653   1.931   1.989   1.809   1.387   0.752
0.663   1.246   1.713   1.989   2.048   1.869   1.420   0.778
0.599   1.143   1.554   1.809   1.869   1.684   1.301   0.697
0.463   0.869   1.194   1.387   1.420   1.301   0.980   0.541
0.249   0.477   0.647   0.752   0.778   0.697   0.541   0.288

iter: 20
||new_T||: 1.098747 
diff (||subT||): 0.057218 


0.123   0.231   0.315   0.361   0.366   0.325   0.244   0.131
0.231   0.438   0.594   0.684   0.691   0.616   0.461   0.247
0.315   0.594   0.809   0.928   0.940   0.835   0.626   0.335
0.361   0.684   0.928   1.068   1.080   0.960   0.720   0.385
0.366   0.691   0.940   1.080   1.092   0.972   0.726   0.390
0.325   0.616   0.835   0.960   0.972   0.862   0.648   0.345
0.244   0.461   0.626   0.720   0.726   0.648   0.483   0.260
0.131   0.247   0.335   0.385   0.390   0.345   0.260   0.138

iter: 30
||new_T||: 0.589066 
diff (||subT||): 0.030298 


0.068   0.129   0.174   0.199   0.200   0.176   0.131   0.070
0.129   0.243   0.328   0.374   0.376   0.332   0.247   0.132
0.174   0.328   0.443   0.506   0.508   0.449   0.334   0.178
0.199   0.374   0.506   0.578   0.580   0.512   0.382   0.203
0.200   0.376   0.508   0.580   0.583   0.515   0.383   0.204
0.176   0.332   0.449   0.512   0.515   0.454   0.338   0.180
0.131   0.247   0.334   0.382   0.383   0.338   0.252   0.134
0.070   0.132   0.178   0.203   0.204   0.180   0.134   0.072

iter: 40
||new_T||: 0.316183 
diff (||subT||): 0.016238 


0.037   0.070   0.094   0.108   0.108   0.095   0.071   0.038
0.070   0.132   0.178   0.202   0.203   0.179   0.133   0.071
0.094   0.178   0.240   0.273   0.273   0.241   0.179   0.095
0.108   0.202   0.273   0.311   0.311   0.274   0.204   0.109
0.108   0.203   0.273   0.311   0.312   0.275   0.204   0.109
0.095   0.179   0.241   0.274   0.275   0.242   0.180   0.096
0.071   0.133   0.179   0.204   0.204   0.180   0.134   0.071
0.038   0.071   0.095   0.109   0.109   0.096   0.071   0.038

iter: 50
||new_T||: 0.169740 
diff (||subT||): 0.008715 


0.020   0.038   0.051   0.058   0.058   0.051   0.038   0.020
0.038   0.071   0.096   0.109   0.109   0.096   0.071   0.038
0.051   0.096   0.129   0.147   0.147   0.129   0.096   0.051
0.058   0.109   0.147   0.167   0.167   0.147   0.109   0.058
0.058   0.109   0.147   0.167   0.167   0.147   0.109   0.058
0.051   0.096   0.129   0.147   0.147   0.130   0.096   0.051
0.038   0.071   0.096   0.109   0.109   0.096   0.071   0.038
0.020   0.038   0.051   0.058   0.058   0.051   0.038   0.020

iter: 60
||new_T||: 0.091126 
diff (||subT||): 0.004679 


0.011   0.020   0.027   0.031   0.031   0.027   0.020   0.011
0.020   0.038   0.051   0.059   0.059   0.052   0.038   0.020
0.027   0.051   0.069   0.079   0.079   0.069   0.052   0.027
0.031   0.059   0.079   0.090   0.090   0.079   0.059   0.031
0.031   0.059   0.079   0.090   0.090   0.079   0.059   0.031
0.027   0.052   0.069   0.079   0.079   0.069   0.052   0.027
0.020   0.038   0.052   0.059   0.059   0.052   0.038   0.020
0.011   0.020   0.027   0.031   0.031   0.027   0.020   0.011

iter: 70
||new_T||: 0.048921 
diff (||subT||): 0.002512 


0.006   0.011   0.015   0.017   0.017   0.015   0.011   0.006
0.011   0.021   0.028   0.031   0.031   0.028   0.021   0.011
0.015   0.028   0.037   0.042   0.042   0.037   0.028   0.015
0.017   0.031   0.042   0.048   0.048   0.042   0.031   0.017
0.017   0.031   0.042   0.048   0.048   0.042   0.031   0.017
0.015   0.028   0.037   0.042   0.042   0.037   0.028   0.015
0.011   0.021   0.028   0.031   0.031   0.028   0.021   0.011
0.006   0.011   0.015   0.017   0.017   0.015   0.011   0.006

iter: 80
||new_T||: 0.026264 
diff (||subT||): 0.001348 


0.003   0.006   0.008   0.009   0.009   0.008   0.006   0.003
0.006   0.011   0.015   0.017   0.017   0.015   0.011   0.006
0.008   0.015   0.020   0.023   0.023   0.020   0.015   0.008
0.009   0.017   0.023   0.026   0.026   0.023   0.017   0.009
0.009   0.017   0.023   0.026   0.026   0.023   0.017   0.009
0.008   0.015   0.020   0.023   0.023   0.020   0.015   0.008
0.006   0.011   0.015   0.017   0.017   0.015   0.011   0.006
0.003   0.006   0.008   0.009   0.009   0.008   0.006   0.003

iter: 90
||new_T||: 0.014100 
diff (||subT||): 0.000724 


0.002   0.003   0.004   0.005   0.005   0.004   0.003   0.002
0.003   0.006   0.008   0.009   0.009   0.008   0.006   0.003
0.004   0.008   0.011   0.012   0.012   0.011   0.008   0.004
0.005   0.009   0.012   0.014   0.014   0.012   0.009   0.005
0.005   0.009   0.012   0.014   0.014   0.012   0.009   0.005
0.004   0.008   0.011   0.012   0.012   0.011   0.008   0.004
0.003   0.006   0.008   0.009   0.009   0.008   0.006   0.003
0.002   0.003   0.004   0.005   0.005   0.004   0.003   0.002

iter: 100
||new_T||: 0.007570 
diff (||subT||): 0.000389 


0.001   0.002   0.002   0.003   0.003   0.002   0.002   0.001
0.002   0.003   0.004   0.005   0.005   0.004   0.003   0.002
0.002   0.004   0.006   0.007   0.007   0.006   0.004   0.002
0.003   0.005   0.007   0.007   0.007   0.007   0.005   0.003
0.003   0.005   0.007   0.007   0.007   0.007   0.005   0.003
0.002   0.004   0.006   0.007   0.007   0.006   0.004   0.002
0.002   0.003   0.004   0.005   0.005   0.004   0.003   0.002
0.001   0.002   0.002   0.003   0.003   0.002   0.002   0.001

iter: 110
||new_T||: 0.004064 
diff (||subT||): 0.000209 


0.000   0.001   0.001   0.001   0.001   0.001   0.001   0.000
0.001   0.002   0.002   0.003   0.003   0.002   0.002   0.001
0.001   0.002   0.003   0.004   0.004   0.003   0.002   0.001
0.001   0.003   0.004   0.004   0.004   0.004   0.003   0.001
0.001   0.003   0.004   0.004   0.004   0.004   0.003   0.001
0.001   0.002   0.003   0.004   0.004   0.003   0.002   0.001
0.001   0.002   0.002   0.003   0.003   0.002   0.002   0.001
0.000   0.001   0.001   0.001   0.001   0.001   0.001   0.000

iter: 120
||new_T||: 0.002182 
diff (||subT||): 0.000112 


0.000   0.000   0.001   0.001   0.001   0.001   0.000   0.000
0.000   0.001   0.001   0.001   0.001   0.001   0.001   0.000
0.001   0.001   0.002   0.002   0.002   0.002   0.001   0.001
0.001   0.001   0.002   0.002   0.002   0.002   0.001   0.001
0.001   0.001   0.002   0.002   0.002   0.002   0.001   0.001
0.001   0.001   0.002   0.002   0.002   0.002   0.001   0.001
0.000   0.001   0.001   0.001   0.001   0.001   0.001   0.000
0.000   0.000   0.001   0.001   0.001   0.001   0.000   0.000

iter: 130
||new_T||: 0.001171 
diff (||subT||): 0.000060 


0.000   0.000   0.000   0.000   0.000   0.000   0.000   0.000
0.000   0.000   0.001   0.001   0.001   0.001   0.000   0.000
0.000   0.001   0.001   0.001   0.001   0.001   0.001   0.000
0.000   0.001   0.001   0.001   0.001   0.001   0.001   0.000
0.000   0.001   0.001   0.001   0.001   0.001   0.001   0.000
0.000   0.001   0.001   0.001   0.001   0.001   0.001   0.000
0.000   0.000   0.001   0.001   0.001   0.001   0.000   0.000
0.000   0.000   0.000   0.000   0.000   0.000   0.000   0.000

iter: 140
||new_T||: 0.000629 
diff (||subT||): 0.000032 


0.000   0.000   0.000   0.000   0.000   0.000   0.000   0.000
0.000   0.000   0.000   0.000   0.000   0.000   0.000   0.000
0.000   0.000   0.000   0.001   0.001   0.000   0.000   0.000
0.000   0.000   0.001   0.001   0.001   0.001   0.000   0.000
0.000   0.000   0.001   0.001   0.001   0.001   0.000   0.000
0.000   0.000   0.000   0.001   0.001   0.000   0.000   0.000
0.000   0.000   0.000   0.000   0.000   0.000   0.000   0.000
0.000   0.000   0.000   0.000   0.000   0.000   0.000   0.000

iter: 150
||new_T||: 0.000338 
diff (||subT||): 0.000017 


0.000   0.000   0.000   0.000   0.000   0.000   0.000   0.000
0.000   0.000   0.000   0.000   0.000   0.000   0.000   0.000
0.000   0.000   0.000   0.000   0.000   0.000   0.000   0.000
0.000   0.000   0.000   0.000   0.000   0.000   0.000   0.000
0.000   0.000   0.000   0.000   0.000   0.000   0.000   0.000
0.000   0.000   0.000   0.000   0.000   0.000   0.000   0.000
0.000   0.000   0.000   0.000   0.000   0.000   0.000   0.000
0.000   0.000   0.000   0.000   0.000   0.000   0.000   0.000

iter: 160
||new_T||: 0.000181 
diff (||subT||): 0.000009 



END calculation
iter: 162
norm T: 0.000181 
udiff: 0.000009 (toi 0.000009)